12/6/11 funcl 24 & 25 equal HOT2+ and HOT3+
         1         1      2000     0.952    99.000     0.920    45.000    50.000    45.000    50.000
         2         1      1600     1.056    38.000     0.436    40.000    45.000    40.000    45.000
         3         1      1450     1.000    38.000     0.313    18.000    20.000    18.000    20.000
         4         1      1250     0.780    38.000     0.252    12.000    12.000    12.000    12.000
         5         1      1200     0.560    38.000     0.252     8.000     8.000     8.000     8.000
         6         1      1000     1.000    38.000     0.510     8.000     8.000     8.000     8.000
         7         1       800     0.760    38.000     0.326     8.000     8.000     8.000     8.000
         8         1       900     1.000    38.000     0.990    40.000    35.000    35.000    35.000
         9         1      1200     1.000    99.000     0.990    40.000    40.000    40.000    40.000
        22         1      1900     1.000    23.000     0.920    45.000    50.000    45.000    50.000
        23         1      1900     1.000    23.000     0.920    45.000    50.000    45.000    50.000
        24         1      1900     1.000    23.000     0.920    45.000    50.000    45.000    50.000
        25         1      1900     1.000    23.000     0.920    45.000    50.000    45.000    50.000
        30         1         1     1.000    23.000     1.000    20.000    20.000    20.000    20.000
        40         1         1     1.000    23.000     1.000    20.000    20.000    20.000    20.000
        82         1       999     1.000    23.000     0.990    40.000    40.000    40.000    40.000
        83         1       999     1.000    23.000     0.990    40.000    40.000    40.000    40.000
        84         1      1500     1.000    23.000     1.000    10.000    10.000    10.000    10.000
        85         1         1     1.000    23.000     1.000     0.000     0.000     0.000     0.000
        90         1      1800     1.000    35.000     1.000     0.000     0.000     0.000     0.000
        92         1      1500     1.000    23.000     1.000     0.000     0.000     0.000     0.000
         1         2      2400     0.960    99.000     0.960    50.000    50.000    45.000    50.000
         2         2      1900     0.985    35.000     0.492    40.000    45.000    40.000    45.000
         3         2      1850     1.000    35.000     0.347    22.000    24.000    22.000    24.000
         4         2      1250     0.945    35.000     0.296    16.000    18.000    16.000    18.000
         5         2      1200     1.000    35.000     0.296    15.000    17.000    15.000    17.000
         6         2      1100     0.864    35.000     0.578    11.000    16.000    11.000    16.000
         7         2       900     0.760    35.000     0.368    11.000    11.000    11.000    11.000
         8         2      1000     1.000    35.000     0.990    40.000    35.000    35.000    35.000
         9         2      1200     1.000    99.000     0.990    40.000    45.000    40.000    45.000
        22         2      2000     1.000    23.000     0.960    45.000    50.000    45.000    50.000
        23         2      2000     1.000    23.000     0.960    45.000    50.000    45.000    50.000
        24         2      2000     1.000    23.000     0.960    45.000    50.000    45.000    50.000
        25         2      2000     1.000    23.000     0.960    45.000    50.000    45.000    50.000
        30         2         1     1.000    23.000     1.000    30.000    35.000    35.000    35.000
        40         2         1     1.000    23.000     1.000    30.000    35.000    35.000    35.000
        82         2       999     1.000    23.000     0.990    40.000    45.000    40.000    45.000
        83         2       999     1.000    23.000     0.990    40.000    45.000    40.000    45.000
        84         2      1200     1.000    23.000     1.000    10.000    10.000    10.000    10.000
        85         2         1     1.000    23.000     1.000     0.000     0.000     0.000     0.000
        90         2      1500     1.000    35.000     1.000     0.000     0.000     0.000     0.000
        92         2      1200     1.000    23.000     1.000     0.000     0.000     0.000     0.000
         1         3      2400     0.970    99.000     0.960    50.000    50.000    45.000    50.000
         2         3      2000     1.038    35.000     0.492    40.000    45.000    40.000    45.000
         3         3      1850     1.050    35.000     0.347    28.000    32.000    28.000    32.000
         4         3      1250     0.960    35.000     0.296    18.000    20.000    18.000    20.000
         5         3      1200     0.960    35.000     0.296    17.000    19.000    17.000    19.000
         6         3      1100     1.000    35.000     0.578    11.000    18.000    11.000    18.000
         7         3       900     0.760    35.000     0.368    11.000    11.000    11.000    11.000
         8         3      1000     1.000    35.000     0.990    40.000    35.000    35.000    35.000
         9         3      1200     1.000    99.000     0.990    40.000    45.000    40.000    45.000
        22         3      2000     1.000    23.000     0.960    45.000    50.000    45.000    50.000
        23         3      2000     1.000    23.000     0.960    45.000    50.000    45.000    50.000
        24         3      2000     1.000    23.000     0.960    45.000    50.000    45.000    50.000
        25         3      2000     1.000    23.000     0.960    45.000    50.000    45.000    50.000
        30         3         1     1.000    23.000     1.000    30.000    35.000    35.000    35.000
        40         3         1     1.000    23.000     1.000    30.000    35.000    35.000    35.000
        82         3       999     1.000    23.000     0.990    40.000    45.000    40.000    45.000
        83         3       999     1.000    23.000     0.990    40.000    45.000    40.000    45.000
        84         3      1200     1.000    23.000     1.000    10.000    10.000    10.000    10.000
        85         3         1     1.000    23.000     1.000     0.000     0.000     0.000     0.000
        90         3      1500     1.000    35.000     1.000     0.000     0.000     0.000     0.000
        92         3      1200     1.000    23.000     1.000     0.000     0.000     0.000     0.000
         1         4      2400     0.975    99.000     0.980    55.000    55.000    55.000    55.000
         2         4      2000     1.050    30.000     0.563    50.000    50.000    50.000    50.000
         3         4      1850     1.110    30.000     0.421    38.000    42.000    38.000    42.000
         4         4      1300     1.070    30.000     0.360    20.000    22.000    20.000    22.000
         5         4      1250     0.980    30.000     0.360    19.000    21.000    19.000    21.000
         6         4      1100     1.000    30.000     0.650    11.000    20.000    11.000    20.000
         7         4       900     0.760    30.000     0.444    11.000    11.000    11.000    11.000
         8         4       900     1.000    99.000     0.990    50.000    35.000    35.000    35.000
         9         4      1000     1.000    99.000     0.990    50.000    50.000    50.000    50.000
        22         4      2000     1.000    23.000     0.980    55.000    55.000    55.000    55.000
        23         4      2000     1.000    23.000     0.980    55.000    55.000    55.000    55.000
        24         4      2000     1.000    23.000     0.980    55.000    55.000    55.000    55.000
        25         4      2000     1.000    23.000     0.980    55.000    55.000    55.000    55.000
        30         4         1     1.000    23.000     1.000    45.000    45.000    45.000    45.000
        40         4         1     1.000    23.000     1.000    45.000    45.000    45.000    45.000
        82         4       999     1.000    23.000     0.990    50.000    50.000    50.000    50.000
        83         4       999     1.000    23.000     0.990    50.000    50.000    50.000    50.000
        84         4      1000     1.000    23.000     1.000    10.000    10.000    10.000    10.000
        85         4         1     1.000    23.000     1.000     0.000     0.000     0.000     0.000
        90         4      1500     1.000    30.000     1.000     0.000     0.000     0.000     0.000
        92         4      1000     1.000    23.000     1.000     0.000     0.000     0.000     0.000
         1         5      2400     0.975    99.000     0.990    60.000    60.000    60.000    60.000
         2         5      2100     1.115    23.000     0.682    50.000    50.000    50.000    50.000
         3         5      1850     1.150    23.000     0.510    40.000    48.000    40.000    48.000
         4         5      1350     1.070    23.000     0.468    22.000    24.000    22.000    24.000
         5         5      1300     0.980    23.000     0.468    21.000    23.000    21.000    23.000
         6         5      1150     1.050    23.000     0.765    11.000    22.000    11.000    22.000
         7         5       900     0.760    23.000     0.553    11.000    11.000    11.000    11.000
         8         5       800     1.000    99.000     0.990    50.000    35.000    35.000    35.000
         9         5      1000     1.000    99.000     0.990    50.000    50.000    50.000    50.000
        22         5      2000     1.000    23.000     0.990    50.000    60.000    60.000    60.000
        23         5      2000     1.000    23.000     0.990    50.000    60.000    60.000    60.000
        24         5      2000     1.000    23.000     0.990    50.000    60.000    60.000    60.000
        25         5      2000     1.000    23.000     0.990    50.000    60.000    60.000    60.000
        30         5         1     1.000    23.000     1.000    50.000    50.000    50.000    50.000
        40         5         1     1.000    23.000     1.000    50.000    50.000    50.000    50.000
        82         5       999     1.000    23.000     0.990    50.000    50.000    50.000    50.000
        83         5       999     1.000    23.000     0.990    50.000    50.000    50.000    50.000
        84         5      1000     1.000    23.000     1.000    10.000    10.000    10.000    10.000
        85         5         1     1.000    23.000     1.000     0.000     0.000     0.000     0.000
        90         5      1500     1.000    23.000     1.000     0.000     0.000     0.000     0.000
        92         5      1000     1.000    23.000     1.000     0.000     0.000     0.000     0.000
      9999
         1     0.500     0.990     0.990     0.990     0.990     0.990     0.990     0.990     0.990     0.990     0.990     0.990     0.990     0.990     0.990     0.990     0.990     0.990     0.990     0.990     0.990
         2     0.010     0.500     0.550     0.650     0.800     0.900     0.900     0.650     0.620     0.600     0.600     0.550     0.550     0.600     0.600     0.600     0.600     0.900     0.800     0.800     0.800
         3     0.010     0.450     0.500     0.650     0.800     0.900     0.900     0.650     0.650     0.550     0.550     0.500     0.500     0.600     0.600     0.600     0.600     0.800     0.800     0.800     0.800
         4     0.010     0.350     0.350     0.500     0.620     0.680     0.780     0.650     0.650     0.500     0.500     0.350     0.350     0.600     0.600     0.600     0.600     0.800     0.800     0.800     0.800
         5     0.010     0.200     0.200     0.380     0.500     0.600     0.700     0.600     0.550     0.500     0.500     0.200     0.200     0.500     0.500     0.500     0.500     0.700     0.750     0.750     0.750
         6     0.010     0.100     0.100     0.320     0.400     0.500     0.650     0.350     0.350     0.300     0.300     0.100     0.100     0.300     0.300     0.300     0.300     0.700     0.600     0.600     0.600
         7     0.010     0.100     0.100     0.220     0.300     0.350     0.500     0.250     0.400     0.250     0.250     0.100     0.100     0.250     0.250     0.250     0.250     0.600     0.600     0.600     0.600
         8     0.010     0.350     0.350     0.350     0.400     0.650     0.750     0.500     0.300     0.450     0.450     0.350     0.350     0.450     0.450     0.450     0.450     0.700     0.700     0.700     0.700
         9     0.010     0.380     0.350     0.350     0.450     0.650     0.600     0.700     0.500     0.500     0.500     0.350     0.350     0.550     0.500     0.500     0.500     0.700     0.600     0.600     0.600
        22     0.010     0.400     0.450     0.500     0.500     0.700     0.750     0.550     0.500     0.500     0.500     0.500     0.500     0.500     0.500     0.500     0.500     0.900     0.700     0.700     0.700
        23     0.010     0.400     0.450     0.500     0.500     0.700     0.750     0.550     0.500     0.500     0.500     0.500     0.500     0.500     0.500     0.500     0.500     0.900     0.700     0.700     0.700
        24     0.010     0.450     0.500     0.650     0.800     0.900     0.900     0.650     0.500     0.500     0.500     0.500     0.500     0.500     0.500     0.500     0.500     0.900     0.700     0.700     0.700
        25     0.010     0.450     0.500     0.650     0.800     0.900     0.900     0.650     0.500     0.500     0.500     0.500     0.500     0.500     0.500     0.500     0.500     0.900     0.700     0.700     0.700
        30     0.010     0.400     0.400     0.400     0.500     0.700     0.750     0.550     0.450     0.500     0.500     0.500     0.500     0.500     0.500     0.500     0.500     0.700     0.700     0.700     0.700
        40     0.010     0.400     0.400     0.400     0.500     0.700     0.750     0.550     0.500     0.500     0.500     0.500     0.500     0.500     0.500     0.500     0.500     0.750     0.700     0.700     0.700
        82     0.010     0.400     0.400     0.400     0.500     0.700     0.750     0.550     0.500     0.500     0.500     0.500     0.500     0.500     0.500     0.500     0.500     0.500     0.700     0.700     0.700
        83     0.010     0.400     0.400     0.400     0.500     0.700     0.750     0.550     0.500     0.500     0.500     0.500     0.500     0.500     0.500     0.500     0.500     0.500     0.700     0.700     0.700
        84     0.010     0.100     0.200     0.200     0.300     0.300     0.400     0.300     0.300     0.100     0.100     0.100     0.100     0.300     0.250     0.500     0.500     0.500     0.700     0.700     0.700
        85     0.010     0.200     0.200     0.200     0.250     0.400     0.400     0.300     0.400     0.300     0.300     0.300     0.300     0.300     0.300     0.300     0.300     0.300     0.500     0.500     0.500
        90     0.010     0.200     0.200     0.200     0.250     0.400     0.400     0.300     0.400     0.300     0.300     0.300     0.300     0.300     0.300     0.300     0.300     0.300     0.500     0.500     0.500
        92     0.010     0.200     0.200     0.200     0.250     0.400     0.400     0.300     0.400     0.300     0.300     0.300     0.300     0.300     0.300     0.300     0.300     0.300     0.500     0.500     0.500
      9999
parking            Y         0         0         0     0.900
parking            N         0         0         0     1.000
parking            A         0         0         0     0.900
parking            P         0         0         0     0.900
parking            B         0         0         0     0.900
pedactivit         H         0         0     0.950     0.950
pedactivit         M         0         0     1.000     0.970
pedactivit         L         0         0     1.050     1.000
pedactivit         X         0         0     1.050     1.000
developden         H         0         0     0.950     0.925
developden         M         0         0     1.000     0.950
developden         L         0         0     1.000     0.975
developden         X         0         0     1.000     1.000
drivewyden         H         0         0     1.000     0.900
drivewyden         M         0         0     1.000     0.950
drivewyden         L         0         0     1.000     0.975
drivewyden         X         0         0     1.000     1.000
factype            F    lanes          1         0     0.900
factype            E    lanes          1         0     0.950
factype            R    lanes          1         0     1.000
factype            D    lanes          1         0     1.300
factype            M    lanes          1         0     0.930
factype            B    lanes          1         0     1.030
factype            T    lanes          1         0     1.000
factype            C    lanes          1         0     1.000
factype            U    lanes          1         0     0.800
factype            F    lanes          2         0     1.000
factype            E    lanes          2         0     1.100
factype            R    lanes          2         0     1.050
factype            D    lanes          2         0     1.150
factype            M    lanes          2         0     0.960
factype            B    lanes          2         0     1.020
factype            T    lanes          2         0     1.000
factype            C    lanes          2         0     1.000
factype            U    lanes          2         0     0.900
factype            F    lanes          3         0     1.000
factype            E    lanes          3         0     1.050
factype            R    lanes          3         0     1.100
factype            D    lanes          3         0     1.100
factype            M    lanes          3         0     0.980
factype            B    lanes          3         0     1.010
factype            T    lanes          3         0     1.000
factype            C    lanes          3         0     1.000
factype            U    lanes          3         0     0.930
control            T         0         0         0     1.000
control            L         0         0         0     0.000
control            S         0         0         0     0.250
control            F         0         0         0     0.400
control            Y         0         0         0     0.400
control            R         0         0         0     0.400
cappkfac           0         0         0         0     3.000
capmidfac          0         0         0         0     5.000
capnitefac         0         0         0         0     5.000
impwttime          0         0         0         0     2.000
impwtdist          0         0         0         0     0.100
control            T         0         0     0.000         0
control            L         0         0     0.000         0
control            S         0         0    10.000         0
control            F         0         0    10.000         0
control            Y         0         0     4.000         0
control            R         0         0     5.000         0
prohibit           N         0         0         0     1.000
prohibit           L         0         0         0     0.900
prohibit           R         0         0         0     0.960
prohibit           T         0         0         0     1.000
prohibit           C         0         0         0     0.880
factype            F   control         L         0     1.000
factype            E   control         L         0     1.000
factype            R   control         L         0     1.000
factype            D   control         L         0     1.000
factype            M   control         L         0     1.020
factype            B   control         L         0     1.000
factype            T   control         L         0     1.000
factype            C   control         L         0     1.000
factype            U   control         L         0     1.080
LeftLns            1   control         L         0     0.920
LeftLns            2   control         L         0     0.880
RightLns           1   control         L         0     0.960
LeftLns            1   control         0         0     0.909
LeftLns            2   control         0         0     0.909
RightLns           1   control         0         0     0.990
progressiv         Y         0         0         0     0.900
progressiv         N         0         0         0     1.000
      9999
         1         0         0      0.83     10.00
         1         1         0      0.75      9.00
         1         4         0      0.85     10.00
         1         5         0      0.88     10.30
         2         0         0      0.83      8.00
         2         4         0      0.83      8.00
         2         5         0      0.85      8.24
         3         0         0      0.62      7.13
         3         4         0      0.62      7.13
         3         5         0      0.64      7.34
         3         0         3      0.70      7.50
         3         4         3      0.65      7.50
         3         5         3      0.67      7.73
         4         0         0      0.75      3.00
         4         3         0      0.60      5.00
         4         4         0      0.60      5.00
         4         5         0      0.68      6.85
         4         0         3      0.70      2.05
         4         3         3      0.65      5.50
         4         4         3      0.65      5.50
         4         5         3      0.72      7.21
         5         0         0      0.75      3.00
         5         3         0      0.65      4.00
         5         4         0      0.65      4.00
         5         5         0      0.73      4.89
         5         0         3      0.75      2.10
         5         3         3      0.65      4.00
         5         4         3      0.65      4.00
         5         5         3      0.77      4.85
         6         0         0      0.76      3.80
         6         4         0      0.76      3.80
         6         5         0      0.73      3.91
         6         0         3      0.80      4.00
         6         4         3      0.80      4.00
         6         5         3      0.82      4.12
         7         0         0      0.95      3.80
         7         4         0      0.95      3.80
         7         5         0      0.98      3.91
         8         0         0      0.79      6.65
         8         4         0      0.79      6.65
         8         5         0      0.81      6.85
         9         0         0      0.79      9.50
         9         4         0      0.79      9.50
         9         5         0      0.81      9.79
        22         0         0      0.83     10.00
        22         4         0      0.85     10.00
        22         5         0      0.88     10.30
        23         0         0      0.83     10.00
        23         4         0      0.85     10.00
        23         5         0      0.88     10.30
        24         0         0      0.83     10.00
        24         4         0      0.85     10.00
        24         5         0      0.88     10.30
        25         0         0      0.83     10.00
        25         4         0      0.85     10.00
        25         5         0      0.88     10.30
        30         0         0      0.00      0.00
        40         0         0      0.00      0.00
        82         0         0      0.79      9.50
        83         0         0      0.79      9.50
        84         0         0      0.00      0.00
        85         0         0      0.00      0.00
        90         0         0      0.15      4.00
        92         0         0      0.00      0.00
      9999
